Result Matrix: 
8838 -7095 1460 24157 -4171 -13439 3908 3296 -9551 -5236 14596 20443 -5201 15219 -1601 -8450 -2696 -249 -3279 753 20195 -74 11851 3960 
-8772 12509 1510 -8862 -12107 3026 46 -1744 12459 17658 -3417 -3231 -16095 -4996 16089 13998 -9849 3218 14614 23775 -14542 11426 10766 -5671 
-1345 -6301 -1644 -13691 7033 -7081 -12749 2020 3527 -12309 27952 -3073 -12487 14785 16118 13644 873 -10323 8616 11048 -5022 -7824 5405 7901 
18633 -4911 -17298 -16851 214 6982 16623 -18884 -6928 20804 -14299 3024 -13661 -5506 -23552 11337 19348 6499 -18674 5609 22004 -10312 3287 -29611 
458 31277 780 -341 -10677 -5272 -22534 31099 -6046 16998 -3273 -17847 -7051 4891 -2096 -9641 -16220 -8854 22389 1677 -24265 13526 -4279 -9469 
11698 16163 -5860 -2588 -194 -249 -21150 -17532 14370 5000 19603 2002 -5152 5641 -1884 3981 21410 5136 -5061 477 -3311 -22187 18499 6782 
20443 2539 -6815 6493 -3961 -16328 25964 -9937 20569 8685 25827 32503 7891 -1447 5778 19758 -7368 19905 -15384 -8959 5575 -10635 13642 -917 
-2425 25093 -4421 -8414 -10836 -8972 11884 -4177 -13548 -20790 16619 -11791 19917 -5071 25003 -4538 -8996 -6971 -14136 -15700 4470 -8329 9498 19869 
6962 5019 -29347 -19303 22269 6572 20599 -9596 2901 -3561 7667 11979 4496 -13620 376 8774 17269 -5232 -24961 9722 797 -18557 8153 -889 
-16827 2179 6285 7792 -23814 -30425 -27075 21145 7044 -7325 15222 2063 18141 754 5140 -13987 -18828 11873 7178 -13361 -29903 12400 6175 10730 
20429 19428 -10952 -16656 5530 19875 18527 -5243 -1301 1441 33274 -7470 14130 -6595 1437 29669 -31185 -5906 12595 2178 -13443 3556 -25351 14056 
27589 938 -6791 -5027 9762 9166 21591 -10180 -8602 1451 18471 -6038 33607 6904 -7335 5874 3330 579 -38537 -5015 15490 -41774 9242 -6002 
-25807 4799 4352 23957 -8102 -26412 -11669 16909 3065 7503 -23273 24093 -44475 -4520 613 -17640 12323 16226 -3378 -33458 -10542 24055 -15448 -950 
-13096 24278 21725 20332 -3986 -24217 -21579 22380 -2052 8468 -20642 -2856 -7109 -3302 2762 -14367 -451 11367 -4617 -43582 -25545 3355 -1190 1647 
-13264 24507 -10496 -2735 25043 10587 11045 18922 -17526 7847 -8545 -7773 -18591 -1529 17501 4962 -19196 -23195 9937 -4267 -21429 22265 -23054 7881 
3480 10790 8598 -7381 -3219 -22259 915 -1124 -14217 -8283 2850 331 10161 -11218 -7204 8965 -9685 3346 -848 -30089 -8184 4514 -1879 6397 
-12351 -11349 3497 3368 -17854 7575 -24657 -12924 6165 -21361 -3789 -6509 708 19431 6394 -29700 13735 -7907 13483 -7457 23003 2905 -8499 13647 
-14063 -21022 -9201 7975 8924 8336 23226 -3496 9501 7581 -9765 16771 -11603 -15844 -999 7286 -2681 7507 3832 20080 -2554 26528 -10784 -657 
10848 21248 5191 21881 15397 -4567 -1723 -7707 -20489 9266 -9156 1370 2748 -16434 -16100 6077 1194 7713 -9680 -24195 -8546 1684 12503 8933 
-1188 16754 11470 608 -31464 -6611 -26616 -23 -1205 26245 -4180 -2165 -22623 -1058 -971 20095 -27926 19588 20466 -2191 -25726 17115 6800 -8441 
Result Matrix: 
117 -3933 590 -11811 -6110 -6925 16653 5924 22326 13547 -25439 -17203 8726 -25606 34929 16244 -16616 14433 -2787 16359 -5648 -13190 
19029 17781 -3619 7862 13586 -23337 -13280 -11808 25815 448 -13803 -27457 11029 2501 -3407 -2379 -12052 676 -10958 5574 -10347 -16935 
-15345 -15891 19737 14521 -31175 -195 -15781 -8800 2966 13749 10703 16856 4617 -24416 15035 29064 -22551 -12828 11993 -27541 12023 15684 
-11771 17318 2933 11160 -20259 -16378 3466 -16010 185 38311 -14339 -10116 -15927 4648 11044 6807 2217 32812 17876 19337 7324 -17314 
5088 17149 5914 7414 -8344 2418 27154 -1021 12335 4078 -17020 -16255 -14496 10589 -1356 -5393 1528 23106 5172 -3674 -14985 -25220 
12686 -17455 2217 13633 15732 6576 13443 -84 1952 4340 17187 -11596 -13526 23780 -27830 13458 12522 3953 -3169 -18508 7573 -15762 
3927 29795 7855 16362 -14954 -33897 -12748 6066 16554 -11347 -10579 -11139 5954 134 7723 -27219 -20054 7857 -14050 -1700 -19343 -6304 
-131 -13512 -6642 -25473 5411 4773 -945 -699 -4643 -8355 17690 -10095 5857 -1947 22765 12382 -27320 -13353 -25592 -2896 6019 12588 
-18755 -13616 7076 13015 -2695 10397 1279 6041 -7736 -2003 -2905 -389 1804 -33 -5052 9628 31766 -584 -2960 -473 19920 3566 
-1318 1866 -15 8251 -2438 3901 3038 -12237 -13418 -1155 5236 -1616 -1923 28138 -13666 -21362 15245 -2216 -15714 -7324 9025 -1157 
-10477 -6620 1988 -1926 4327 12466 -621 -9453 21093 28657 24583 25696 -20200 3826 -8859 -9697 5442 -5060 33198 22709 7900 3388 
-11207 -33808 -18347 -6606 40117 30374 17509 -1864 10196 -1446 -12793 -28204 16933 -4539 -20962 22693 -9516 -3374 -15756 -2131 -6263 -12362 
-492 10870 15065 10920 -31909 -24814 -15064 10285 5273 -7445 -9008 5479 17286 -5983 28305 -23598 -10301 -4868 -528 -7690 -4738 12425 
15330 19144 -7755 5055 -14961 -6123 4356 -6609 -24353 14846 9075 -4813 -4219 12991 16840 1919 -1835 15478 -14079 -15281 -8943 -18455 
Result Matrix: 
5360 -273 -10926 66 -2198 -804 -1154 -7785 -3063 -7694 11569 30726 12849 -10232 4470 -18964 -14134 -877 5992 -7967 -22286 6229 3698 -347 
-66 -10844 4518 5718 4267 2013 -4247 2104 -1471 -6697 -101 -5295 -4834 6828 -2539 4114 7894 9543 11 -911 9212 -10007 5348 6356 
-413 -995 -1806 -6733 -7316 15474 -10275 -8082 -2983 -20787 -3417 20599 15068 176 -15194 -13754 -22865 2022 11015 -7133 -11702 -2681 5721 -7369 
7298 -2458 -8132 1388 -16463 -3990 9285 -6396 5912 3852 3613 3601 8929 -17982 -1944 -4553 -1321 -13553 10069 -8655 -8292 -4021 -1076 6536 
-9000 -12658 -4319 -7458 -11006 7569 -3787 -2925 9464 4609 -4424 -13132 -18006 -4788 8103 -1142 4574 345 4396 -11283 -4978 -12734 4804 5605 
2068 -23506 -1066 1729 -16655 26497 -12614 -6715 -5330 -21955 -12633 -3596 -1789 -579 -11287 -770 -7709 7386 28042 -14876 11610 -34743 18630 8839 
7526 -15252 -16333 13618 -6776 2484 -407 -10487 -6345 4434 2620 1496 -8141 -17506 15164 -909 9843 -661 20958 -8681 -1190 -17908 12368 19375 
-9578 -13893 10915 -11186 -9960 18499 -9853 3906 6663 -13873 -12695 -15914 -9157 12280 -12589 2882 -4564 7892 3528 -8826 10376 -19107 6290 -3122 
-1584 8510 8988 -6293 9370 -7137 4616 12975 379 3935 4745 1244 -1103 11589 6515 186 -2058 2731 -16020 5524 3196 12400 -6611 -10836 
-2202 6682 -5287 5972 17430 3280 -8507 -1517 -14837 4570 -2570 3682 -9771 5676 14716 3121 1665 8647 1220 10681 3250 5620 4266 -1337 
1171 -25841 -8558 14715 4122 -1453 -6606 -6446 -1035 -3534 9068 1114 -14722 -5018 12507 -2316 18760 14114 6714 -9862 -2320 -18297 13902 22556 
2334 -8038 2464 -6852 -18835 13500 1448 2060 2181 -6062 -8998 -8200 832 -2760 -5768 878 -8639 -5425 14558 -10350 9030 -18023 5063 -1013 
-1823 -5851 -3557 8128 14473 -3723 -2258 4848 -7756 11930 2908 -8547 -22168 4341 25305 6913 16397 10475 -2903 4350 8638 -3606 5659 8013 
827 -8841 -4502 8700 6684 -7347 -284 -1581 -147 3816 7951 774 -8122 -2619 10403 -193 13109 6153 -2468 -1440 -2540 -2461 3545 10956 
8720 4337 -2801 7750 5070 -14631 9279 1668 -1885 5383 11883 10830 8579 -5686 5685 -2476 4344 -3516 -4872 2834 -3852 9461 -3982 3200 
1671 14696 6653 -6780 4518 -8825 10748 13547 -472 11820 2463 -2681 425 5759 9589 3319 -2878 -5865 -12357 7283 5918 14004 -9604 -12179 
-172 3679 -4578 6391 13651 -4796 1043 4922 -9771 16418 825 -7587 -17638 2015 25166 7992 11896 4129 -2303 8490 8578 2904 1667 3013 
-4824 -753 14832 -3942 4110 4363 -1449 11775 811 -1583 -8954 -20237 -8145 16822 -5899 12656 4917 6073 -7735 5558 20824 -5467 -1673 -5470 
-4972 11035 -2038 -6780 -2704 10771 -5515 -4917 -3441 741 -12056 -2841 785 64 -5087 1728 -10769 -4993 6049 4744 -752 3619 -1493 -8882 
-7664 10948 -4531 8510 18706 -7157 -5622 -6523 -4203 14295 -4003 -11255 -12007 2030 5415 11287 16076 3075 -8901 16722 368 13194 -4731 3528 
-10568 -12270 3492 -5498 -5599 1287 -3283 -500 14153 1243 -2617 -17213 -14126 1998 -3217 2660 10684 3429 -6283 -7047 -1976 -8419 158 5654 
3947 -243 4114 2357 -3712 -2596 7495 6372 137 7095 -3337 -14687 -3156 -38 1692 10096 7371 -4604 1357 2037 14838 -5913 -1807 2197 
-3507 -12940 8938 -3089 -7711 2365 1334 6241 9571 -1948 -3775 -19164 -8857 5280 -5557 6892 9001 2632 -2456 -6337 11332 -14255 1261 4474 
9739 -3569 -839 4621 -6882 -11016 14292 6313 2606 9371 7723 -3455 1281 -8452 9076 2365 7894 -7707 1043 -4068 5572 -3893 -1897 6486 
